2088179
2583211
7258740
11029451
13476844
13809662
14993646
16243713
17088736
17297112
19445186
23263561
23566558
25487285
25651100
27413557
31942327
34120767
35789632
38360256
39874109
40509094
42560768
42622470
48301536
49582396
50406792
57283420
61413459
63753032
65897342
72237047
72339300
73770965
74494452
77340927
77508972
79879182
81600592
81784999
82999784
84820544
86148963
87539912
90987278
95086802
97652679
101266341
102968171
103131628
111677584
112327339
112332002
113880122
116261933
116743342
121594048
122965433
124034593
126894066
127917813
129226707
132827842
135813186
138409460
140710236
141310226
146441015
147023648
149819172
151068587
152481973
155183874
158426134
159076747
159571211
163955708
165587904
166605543
166686117
167458653
169326649
170723885
172503782
173346246
174122577
174458483
176136005
177060673
178750433
181992693
183115267
183969643
185289222
186936327
188273146
190569149
192404224
196979457
200783510
201408871
204161586
204830759
205091639
207316086
210745912
214560913
214943182
216113460
217792268
218740138
218862742
220503514
222765006
230343688
233682733
234259324
234991938
236576170
236685327
239700070
240432119
242027312
243245484
250403026
253803227
254302977
254538920
260491880
260856069
262664126
262911823
267324754
268052541
269899201
272477985
285336030
289259459
290944566
293681962
293741030
293983576
294801535
295551105
295619524
297281669
298098786
308261042
316186819
316952535
319394328
320036041
322048262
324695226
325246602
325446432
326591915
326947158
327590329
328162424
329663664
330635578
331108698
332911484
343634877
344790645
347081156
348076335
352867896
353269385
353810191
354089689
356944679
357438124
357485932
358352266
360743126
361384197
364715531
365932888
366182559
367666828
368579520
372677471
375021355
377286406
377997121
378015132
378507669
380463282
381082799
383199017
386427532
387041908
392564180
394234160
400722066
403099757
404260361
407515528
412983211
414835947
418823696
420901104
423649687
424604264
429608655
432913432
433390328
434430432
438889389
440454211
442677015
447742286
450304986
450579481
456251265
461410199
469415531
470702600
472736031
474667813
478552747
480892561
482742632
484439943
486099541
486454702
490799113
499302086
502269151
505135146
506253370
509905364
513513099
514843996
516026751
517496170
522158156
522517170
528583250
530116368
532274786
534686901
534744803
535213851
535400025
535839402
536379835
536450218
543758207
547090694
549764349
553790066
558909491
559140768
564721886
565585316
566394479
566935140
573653219
576856586
579439797
581982204
585548745
589897537
598172129
600206277
601939155
606614678
608028919
610226292
613212629
614304282
618990387
619759680
620521773
622370708
630767040
631515746
636551276
637048346
639706092
641463376
642574374
645247847
646287673
649170105
655765892
658276066
658515673
658703848
658721494
661376978
662226056
669232119
671756975
671953092
673311781
673845155
676965661
682404276
683978025
685061836
685940561
686089406
688241564
691049858
693239932
694305305
694415683
697333508
700298430
700356999
700934207
702005569
707997128
716580073
717624272
720207483
720372528
722278363
723319282
723426213
727131359
727136312
728833222
729864653
730587664
731841419
732675844
733215946
735349310
735898330
738632641
741686381
741964389
743738396
749662093
760949065
761874203
763914598
764874108
765986981
766251322
766376124
766940866
769622829
770381432
770421335
772984181
774153176
776585196
778459336
779413006
784655289
785548711
786375395
786813707
787678545
789568125
791527713
794175352
796800141
797947075
802960030
807853200
808582977
808971184
809203555
811996627
817177491
818882448
822909252
823786266
826450911
827499719
828447316
828965750
834264261
836278775
836823606
837327031
838208325
845122322
846386910
850452005
857618519
858137725
858588286
861709721
861805750
864176495
865531722
865999248
866522130
872272866
874752447
875117819
879778694
880871915
881291499
884229709
884390535
886259928
888707298
891475413
892114278
893431166
893617267
895465963
899462925
899494153
900365452
901047243
901257593
901319115
904588932
905129189
906350087
910608980
910706003
910924576
913286577
913574362
914845551
916318296
916401949
917533018
918224126
919480862
921954016
922512687
922877750
923832078
924988930
925887144
930269212
931089265
931154521
933898184
934062815
936916596
937101901
942665397
946778157
949397698
949612271
955728497
956307568
957449661
959603393
960484845
964619728
965031132
965762830
967563478
967686152
973955205
975892975
978351873
981491038
981771088
987349435
991015470
996268153
999909003
1002997780
1003784000
1007450052
1007510252
1010148394
1010997936
1014708792
1015328837
1015495441
1025426773
1026018731
1026519651
1026746943
1026989408
1027275208
1031119626
1036150523
1039418851
1047685069
1048044498
1052946046
1053804958
1061302500
1062285564
1062560390
1062885955
1065125080
1067068691
1067650146
1069350989
1070048671
1073034470
1075535957
1075804189
1078693931
1079102756
1081668613
1082087986
1084136240
1084186429
1087026138
1089045545
1094129518
1094555963
1096047212
1100296755
1102760064
1109042178
1111967042
1112074109
1118574089
1123929780
1124572502
1125029572
1125081292
1125420041
1125797011
1127633140
1127820554
1129186256
1129356400
1133194694
1137020411
1138643427
1139000856
1141599968
1142254966
1144719023
1145899106
1148105716
1150598725
1151439256
1156485758
1157023952
1161979963
1163780298
1165631596
1166209141
1172323015
1172915713
1173976723
1176719443
1176829162
1178805538
1180010060
1180246249
1185366472
1185988967
1187983257
1193183124
1197569501
1198003212
1202076343
1202293935
1204811658
1208163517
1210262363
1213300454
1215179094
1215373677
1218069829
1227741905
1227945036
1232663866
1232953480
1236233458
1236347359
1236538920
1240445772
1243349108
1244281835
1244872101
1245063016
1245847729
1247947127
1249710303
1250167934
1252336696
1254188475
1257066766
1257742885
1257763258
1259610427
1261547055
1262848647
1266906620
1270027214
1270087422
1276941276
1277178240
1279511719
1280060660
1280315043
1284358902
1286418843
1288997173
1290595832
1297412379
1299647280
1299739442
1302151188
1303341032
1305966144
1306609670
1306649162
1308449595
1314939248
1317947951
1318084776
1318221635
1318715310
1319892651
1321179658
1322035111
1323768225
1323943038
1329161509
1330065421
1331836639
1334826244
1335310267
1335789067
1335860777
1336564914
1336745555
1337236779
1337259870
1347726678
1348791287
1349202006
1349348482
1352604864
1353098954
1354384539
1360502729
1361207149
1363982189
1367182576
1370815251
1374556500
1377541172
1377967722
1379635094
1381587696
1381640470
1382219269
1384985836
1387543409
1389403882
1391337663
1392626037
1394417695
1395712510
1396820262
1397604892
1397827133
1400394451
1400658740
1406520999
1406798847
1408831845
1415190322
1418223943
1420594835
1433641830
1434450904
1435178362
1438502029
1441637120
1442461621
1442530997
1442727442
1445813104
1448841176
1450506911
1451879473
1454003212
1455267632
1457518824
1459996303
1465836677
1466617205
1467394444
1469947038
1470085495
1470429989
1472465902
1473546150
1478428713
1479830738
1480256405
1480924276
1485030604
1485510268
1486136138
1487981529
1489839483
1492362759
1493597249
1494084545
1495884871
1497852928
1500192893
1501773106
1502057588
1508266172
1509096505
1510684193
1514823911
1518117936
1519148432
1521895102
1523322076
1524677865
1526597245
1527606933
1529755871
1529816595
1530138487
1531052267
1531923836
1538146533
1539254976
1541503075
1545596179
1550265902
1554677142
1556766450
1558639540
1561553410
1565191089
1569555224
1570166508
1570732726
1571468996
1574178157
1579373967
1580921424
1581912688
1582877668
1587259676
1588362011
1589430587
1590756052
1593947404
1598513649
1599792583
1601377898
1606344586
1606462864
1613755896
1618557592
1623957320
1624315424
1624712614
1626954175
1627465338
1628944121
1629259691
1629880465
1629888475
1635218079
1635603049
1635852725
1645041777
1653002762
1653058762
1655337670
1655523062
1662272143
1665138900
1666168634
1667215067
1667598850
1668272101
1668875818
1669423432
1672441233
1677733881
1678225179
1681353986
1682828218
1686578689
1687291199
1689641315
1692818246
1694047638
1702644403
1702661891
1703138358
1704027125
1704355810
1705816300
1708788484
1712120328
1714317172
1714335865
1715641586
1718291089
1718537752
1721067418
1721863081
1723209576
1723246817
1724724385
1726413822
1727856573
1728569261
1730373874
1731528672
1737629697
1741939549
1745685686
1745916502
1747013070
1753692507
1754453319
1757563388
1763460698
1765052872
1766458256
1772135002
1772529293
1773068408
1773708837
1773836140
1780647330
1781036287
1783807287
1789341371
1790892839
1791283110
1795099985
1795609953
1795686755
1796328396
1798408345
1800315673
1800566383
1804346958
1806231883
1807487439
1809064291
1812978614
1817597964
1817718279
1819179083
1821699411
1822469158
1824420617
1839899886
1840410768
1841336524
1842572345
1842927351
1843843855
1844294588
1846414802
1855636167
1856919106
1858764074
1860317430
1863738179
1864494057
1868072262
1868213698
1878351022
1886229869
1887138179
1890489075
1891049936
1891558270
1892133722
1895048628
1898342437
1899832631
1902558552
1903204031
1904080504
1905585352
1905632378
1909136320
1914108697
1915946785
1918434885
1918519150
1929081487
1929335998
1933054780
1933914630
1933953398
1935010914
1936289261
1936662809
1947552345
1948881334
1950587194
1953133936
1954525439
1962962547
1963907614
1966093430
1971605076
1971962536
1974311959
1977717276
1986788978
1989001290
1989647113
1990721554
1991778075
1992379443
1997972124
1998010702
1999780753
2001137936
2002580541
2003554644
2006521123
2007910285
2009803511
2010351757
2012173819
2012276264
2014197957
2019395743
2020363634
2022617423
2023178281
2024137998
2026558527
2029133077
2030451577
2034440226
2035809548
2038913711
2042251166
2042964674
2044646007
2045421430
2046319626
2052098457
2053103176
2053361484
2054596832
2055637576
2058183625
2061706930
2061987612
2063180510
2063866239
2064295687
2066023405
2071976114
2075010176
2075194710
2078450209
2079759893
2081153490
2081996990
2085058964
2086084645
2086737390
2089173206
2089591570
2091897421
2092985066
2096434033
2097965732
2101979241
2103079957
2103712262
2105150657
2106485340
2107709109
2108017796
2111178439
2111294691
2115253280
2116838750
2125731678
2129453551
2130844452
2133558700
2135772206
2137072771
2137130238
2137174908
2139908697
2141519398
2144201260
2144451717
2145271336
